81
93
323
549
569
681
1171
1354
1379
1642
1842
1914
1925
2245
2427
2606
2780
2904
3033
3050
3493
3637
4039
4340
4513
5211
5216
5510
5601
6046
6071
6484
7057
7339
8216
8430
8693
8764
9097
9120
9428
9719
10038
10431
10569
10736
10946
10947
11017
11053
11520
11735
11964
12497
12582
12585
13321
13537
13669
14057
14412
14523
14811
15033
15469
15533
15720
16204
16228
16259
16323
16538
17135
17223
17315
17566
17638
17808
18184
18190
18202
18456
18481
18859
19304
19540
19593
20127
20567
21008
21018
21091
21414
21530
22181
22190
22298
22300
22765
22924
22939
23078
23182
23311
23787
23856
24122
24145
24561
25015
25165
26196
26234
26272
26304
26652
26856
27172
27284
27458
27495
27572
27583
27639
28067
28215
28380
28624
28656
28828
28861
29448
29501
29729
29949
30096
30386
30530
31326
31502
31536
32172
32460
32538
32908
32919
33002
33062
33333
33621
33882
34190
34225
34551
34589
34945
34986
35021
35217
35325
35368
35568
36029
36159
36189
36214
36421
37126
37200
37525
37710
38320
38566
38585
38602
38936
39021
39021
39195
39334
39626
39875
39875
40077
40140
40194
40215
40403
40584
40702
40743
40881
40926
41351
41598
41805
41882
41991
42348
42417
42659
42772
42831
42992
43320
43324
43633
43682
43725
43860
43983
44317
44365
44599
44746
44878
45063
46007
46355
46380
46387
46647
46828
47329
47395
47510
47641
47983
48074
48401
48498
48586
48623
48626
48628
48829
48860
48977
49613
49676
49764
50440
50707
51103
51463
51477
51528
51571
51735
51878
52176
52251
52464
52918
53144
53150
53418
53428
53542
53842
53959
54081
54525
54660
55336
55382
55805
56055
56552
56618
56675
56757
56794
56856
57460
57522
57661
58025
58106
58109
58261
58752
58814
58856
58976
59426
59476
59479
59560
59619
59765
59772
59895
60014
60028
60049
60319
60707
60908
60910
61048
61567
61648
61690
61770
61991
62189
62251
62382
62426
62638
62718
62760
62795
62900
62934
62949
62958
62975
63046
63133
63179
63328
64088
64091
64260
64335
64472
64662
64825
64835
64901
65186
65818
65969
66249
66317
66342
66487
66537
66601
67660
67697
67764
67850
67917
68011
68012
68399
68506
68689
68972
68977
69004
69027
69410
70392
70847
71006
71125
71161
71710
72486
72641
72699
72999
73370
73764
73828
73847
73850
73870
73940
73990
74537
74602
75412
75704
76169
76217
76376
76585
76780
77304
77375
77589
77591
77645
77773
77888
78408
78721
79145
79269
79296
79342
79421
79422
79444
79690
80154
80262
80308
80532
80928
80967
81555
82014
82050
82060
82195
82199
82424
82830
83088
83598
84100
84148
84292
84303
84506
84672
84821
85193
85273
85544
86034
86305
86317
86990
87126
87183
87195
87764
87854
88109
88131
88411
88421
88582
88883
89159
89172
89325
89358
89368
89412
89438
89503
90032
90057
90192
90212
90428
90717
91009
91185
91583
91749
92061
92622
93662
94417
94909
95042
95060
95572
95745
95765
95815
95820
96107
96169
96180
96382
97051
97161
97218
97467
97487
97529
98032
98165
98480
98738
98823
99355
99451
99484
99901
100237
100255
100545
100669
101110
101281
101360
101489
101662
101665
101832
101839
101877
101996
102393
102747
102829
103124
103241
103348
103807
103978
104339
104524
104667
104697
104896
105340
105994
106312
106687
106892
106956
107205
107280
107603
107681
107722
107964
108003
108019
108117
108342
108581
108594
109485
109644
109849
109859
110115
110197
110294
110661
110699
110751
110799
110911
110991
111021
111544
112110
112132
112297
112644
112711
113083
113190
113236
113244
113606
114218
114447
114526
114544
114613
114641
115464
115873
115921
116035
116330
116466
116548
116632
117027
117155
117184
117276
117507
117792
117832
118606
119157
119204
119540
119944
120160
120356
120688
120709
120804
120896
121288
121308
121784
121924
122032
122272
122429
122431
122523
122573
122590
122846
122980
123090
123786
123840
124030
124046
124220
125139
125315
125383
125413
125849
125972
126087
126162
126381
126447
126505
126763
126901
126950
126997
127303
127367
127597
127682
127828
127955
128223
128425
128616
128825
129085
129205
129326
129559
129793
130017
130772
130872
131385
131424
131489
131527
131589
132002
132133
132244
132347
132540
132557
133069
133130
133589
133608
134047
134158
134463
134495
135018
135205
135236
135338
136104
137088
137166
138000
138264
138326
138377
138644
138722
138863
138954
139053
139265
139563
139932
140172
140186
140292
140492
140528
140795
141009
141723
142227
142334
142496
142618
142902
143421
144369
144500
144830
144854
145323
145325
145550
146081
146290
146546
146590
146790
147069
147070
147408
147484
147515
147732
148075
148151
148346
148365
148569
148632
148711
148990
149010
149314
149517
149955
150109
150212
150254
150323
150462
150799
151225
151249
151432
152040
152167
152274
152433
152493
152760
152959
152978
152986
153143
153275
153538
153579
153674
153954
154091
154259
154289
154589
154913
154931
155027
155066
155594
155710
155895
155988
156181
157106
157265
157360
157620
157793
158660
159161
159346
159651
159999
160269
160358
160379
160450
160558
161002
161257
161528
161534
161631
161708
161956
162035
162069
162283
162286
162289
162844
162945
162964
163036
163038
163042
163043
163925
164213
164556
164576
164626
164681
165193
165407
165449
165457
166342
166829
166929
167279
167332
167637
167715
167716
167744
168837
169347
169370
169591
169939
170114
170159
170337
170911
170982
171054
171087
171275
171692
171794
171884
171894
172025
172261
172326
172497
172784
173109
173201
173533
173797
173960
174067
174069
174232
174721
174967
175011
175617
175679
175739
175905
176022
176229
176620
176737
177151
177207
177290
177440
177503
178224
178440
178726
178736
178849
179117
179334
179497
180237
180529
180540
180570
180921
181467
181851
182313
182394
182467
182790
183327
183332
183458
184096
184324
184454
184492
184680
185160
185185
185677
185889
185994
186306
186354
186358
186431
186440
186593
186709
186733
186872
187134
187190
187500
187516
187618
187937
188534
189012
189141
189168
189196
189300
189435
189497
189562
190158
190168
190495
190528
190800
190952
191005
191309
191412
191614
191653
191794
191847
192190
192379
193485
193512
193736
193837
193842
194011
194465
194528
194625
194650
194684
194872
195176
195397
195511
195746
195941
196008
196228
196295
196342
196431
196471
196827
197086
197219
197235
197314
197734
197811
197917
197930
198392
198530
198656
198673
198697
198952
198987
199088
199093
199181
199257
199267
199492
199531
199759
199972
200077
200313
200474
200707
200801
200848
200987
201114
201132
201211
201745
201937
202254
202362
202788
202900
202906
203107
203165
203630
203759
204105
204319
204346
204680
204721
204916
205057
205108
205738
205740
205946
206202
206371
206657
206725
206797
206898
207249
207394
207428
207433
207466
207672
207829
208324
208466
208501
209095
209118
209188
209439
209441
209802
209933
210012
210050
210352
210498
210525
210541
210619
210801
211136
211388
211756
211926
211983
213073
213171
213258
213486
214107
214337
214636
214677
214779
214896
215004
215215
215350
215450
215463
215546
216246
216249
216347
216439
216446
217043
217069
217177
217281
217462
217497
217690
217934
218004
218189
218377
218397
218466
218593
218704
218967
219170
219419
219639
219756
219986
220239
220263
220360
220435
220440
220510
220734
220853
220943
221117
221236
222095
222218
222407
222833
222842
223193
223205
223415
223956
224149
224547
225844
226057
226130
226340
226513
227022
227241
227667
228023
228371
228398
228399
228444
228458
228785
228794
228804
228875
229153
229157
229189
229307
229320
229904
230151
230297
230775
231011
231109
231349
231456
231996
232173
232381
232475
232676
232983
233021
233367
233494
233518
233683
234140
234555
234646
234660
234956
235104
235128
235189
235379
235624
235706
235839
235975
236448
236614
236872
237575
237892
238046
238230
238283
238319
238335
238390
238502
238858
238957
239833
240349
240853
241042
241081
241302
241306
241694
241707
241873
241888
242061
242587
242589
242671
242869
243281
243428
243555
243658
243700
243823
243938
244564
244623
244856
244944
245196
245409
245415
245482
245562
245820
245829
245830
245975
247035
247255
247643
247686
247776
248263
248473
248540
248617
248626
248836
249809
250231
250262
250573
250732
250774
250886
251304
251327
251530
251743
251746
251761
251768
251816
251990
252101
252277
252327
252481
252715
252777
252833
252996
253124
253215
253414
253491
253510
253540
253681
254228
254586
254732
255018
255140
255162
255332
255351
255763
255812
255825
256190
256387
256391
256508
256709
256958
257224
257692
257755
257991
258051
258232
258270
258726
258803
258962
259134
259316
259470
259617
259631
259683
260053
260289
260595
260756
260757
261451
261749
261796
261900
261902
262009
262092
262331
262337
262432
262547
262754
262999
263301
263370
263590
263748
263904
263958
264029
264227
264286
264801
264839
265238
265375
265405
265587
266066
266131
266356
266748
266761
266994
267402
267605
267672
267705
267971
267990
268023
268139
268399
268428
268780
268824
268864
268980
269559
270210
270296
270347
270887
271232
271361
272000
272000
272379
272592
272669
272695
272763
272784
272813
273303
273378
273398
273413
273679
273879
274570
274723
274956
275358
275444
275569
275856
276121
276125
276174
276451
276617
276965
277052
277107
277217
277479
277486
277685
277883
277950
278050
278611
278674
279136
279192
279207
279370
279465
279545
279777
279876
280396
280524
281413
281936
282134
282619
283858
285314
285608
285753
286141
286196
286229
286845
286931
286977
287639
287828
288131
288549
288709
288819
288820
289094
289270
289383
289672
289812
290071
290176
290596
290636
291216
291499
291638
291986
292122
292538
293026
293255
293418
293469
293554
294814
294892
295008
295098
295100
295153
295407
295499
295539
295657
295879
296072
296358
296630
296835
296984
297278
297508
297539
297783
297893
298129
298285
298490
298941
299067
299455
299468
299708
299853
299904
299958
300131
300606
300821
300925
301039
301183
301418
302073
302120
302443
302647
302720
303315
303604
303605
303708
303818
304183
304213
304435
304465
304789
305000
305058
305153
305250
305624
305981
305995
306240
306616
306629
306640
306710
307071
307398
307629
308422
308542
308582
308630
308902
308970
309587
310085
310840
310992
311131
311574
311705
311776
311796
311956
312086
312109
312496
312851
313043
313225
313492
313522
313563
313750
313970
314107
314462
314788
315115
315128
315265
315329
315612
315644
315861
316151
316428
316437
316586
316653
316701
317458
317565
317824
318023
318776
318908
318984
319199
319291
319300
319301
319332
319529
319847
320152
320512
320526
320763
320788
320799
321179
321335
321442
321496
321648
321676
321698
321738
321801
321813
321825
321892
321929
322037
322042
322141
322197
322227
322269
322404
322500
322532
322667
322902
323015
323172
323221
323286
323875
324176
324309
324323
324635
324914
325361
325554
325578
326130
326423
326456
326572
326644
326717
327046
327308
327630
327684
327814
327934
328205
328242
328364
329499
329519
330334
330757
331055
331354
331367
331834
331867
332231
332566
332700
332871
332973
333205
333297
333378
333399
333506
333576
333694
333907
334055
334107
334271
334471
334604
334728
334779
334813
334813
334982
335164
335344
335526
335742
335821
335928
336066
336327
336503
336688
336718
336956
337001
337023
337242
337363
337836
338082
339349
339467
339609
339643
339680
340012
340127
340353
340634
340713
340947
341087
341089
341138
341616
341973
341976
342013
342196
342203
342337
342428
342723
342733
342789
343058
343444
343702
343768
343899
344043
344234
344685
344718
344774
344818
345764
346039
346092
346228
346276
346491
346619
346768
346896
347194
347223
347869
348094
348129
348142
349144
349250
349476
349542
349614
349946
350259
350310
350768
351142
351186
352042
352160
352298
352324
352346
352949
352976
353127
353187
353198
353426
353644
353696
353825
353895
353914
353969
354089
354279
354340
354718
355115
355511
355856
355903
356569
356620
356631
356649
356728
357055
357080
357096
357509
357998
358132
358641
358697
358698
358825
359154
359211
359216
359231
359264
359305
359337
359415
359469
359554
359574
359759
359939
360099
360161
360494
360602
360871
361246
361591
361729
361873
362124
362173
362196
362297
362461
362972
363101
363193
363368
363501
363558
363610
363827
363923
363941
365084
365159
365223
365439
365509
365723
365760
365914
365981
366026
366143
366146
366256
366332
366596
366796
366797
367395
367423
367563
367770
367818
368447
368542
368690
369081
369633
369755
370163
370347
370448
370888
371155
371198
371254
372072
372147
372231
372260
372305
372555
372661
373349
373537
373743
373832
373855
374276
374295
374729
374759
374771
374844
374883
375482
375861
375974
376088
376242
376250
376263
376348
376426
376621
376850
376882
376925
376938
377017
377259
377373
377470
377601
378130
378337
378491
379107
379174
380177
380270
380595
380902
381216
381494
381616
381894
382211
382700
382704
382853
382894
383303
383426
384172
384280
384795
384829
384862
385387
385644
385755
385907
385948
386023
386147
386216
386251
386300
386450
386656
386865
386966
386989
387090
387142
387191
387226
387350
387409
387536
387570
387633
387677
387708
387902
387964
387981
388027
388315
388370
388427
388464
388777
389304
389569
389873
390179
390279
390358
390523
390769
390868
391521
391568
391879
392187
392292
392735
392754
393584
393740
393799
393829
394080
394218
394660
395389
395528
395735
395738
396003
396296
396429
396914
397243
398210
398337
398403
399015
399083
399134
399815
399826
400346
400657
400960
401255
401305
401392
401425
401433
401666
401777
401947
402293
402303
402336
402557
402908
403134
403454
403529
403532
403847
404619
404628
404949
405247
405279
405989
405991
406219
406424
406649
406847
407063
407330
407458
407971
408282
408437
408978
409117
409503
409560
409675
409831
409912
409938
409954
410399
410471
410655
410762
411204
411305
411310
411556
411641
411898
412034
412082
412400
412660
412924
412975
413002
413008
413022
413069
413094
413173
413412
413640
413784
413831
413882
414422
414639
414865
415139
415389
415497
415507
415548
415775
416008
416032
416065
416748
416757
416758
416931
416945
416949
417016
417140
417183
417540
417603
417719
417809
418235
418241
418325
418417
418418
418446
418557
418564
418627
418657
418816
418852
419017
419117
419369
419379
419494
419677
419805
419962
420005
420424
420528
420696
420696
420721
420782
420925
420959
421244
421514
421993
422090
422328
422376
422715
423328
423428
423611
423768
423919
423943
424260
424538
424758
425259
425661
425676
425786
425834
425913
426169
426555
426576
426701
426808
426815
426865
427397
427746
428386
428484
428525
428585
428608
428651
429649
429689
430207
430639
431429
431554
431721
432100
432110
432192
432483
433063
433452
433483
433518
433878
433890
434154
434455
434573
434581
434826
435518
435776
436157
436665
436826
436840
436873
437215
437271
437329
437685
438014
438146
438469
438548
438799
439214
439259
439379
440074
440376
440579
440610
440876
441089
441138
441500
442043
442062
442530
442929
443037
443181
443203
443280
443370
443376
443437
443731
443745
444267
444543
444584
444981
445143
445431
445510
445884
445950
446286
446571
446676
446870
446912
447374
447433
447450
447757
448036
448499
448566
448664
448681
449122
449291
449294
449299
449638
449807
449833
449966
450030
450052
450127
450250
450254
450857
450907
451238
451352
451503
451546
451659
451979
452111
452470
452551
453188
453195
453333
453596
453694
453810
453826
454154
454328
454443
454833
455306
455662
455736
455932
456289
456375
456510
456682
457257
457666
457669
457716
457753
457914
458260
458317
458743
458780
458793
458800
458924
459131
459253
459389
459967
459970
460008
460090
460396
461075
461366
461929
462029
462069
462158
462197
462918
462951
463558
463633
463645
464947
465002
465115
465512
465626
465782
465979
466127
466289
466382
466788
466996
467276
467324
467455
467587
467935
468232
468858
469147
469168
469786
469841
469911
469976
470124
470216
470380
470641
471008
471704
471744
472058
472101
472296
472515
472612
472633
472944
473059
473287
473348
473416
473439
473495
473567
473730
473788
473950
474762
474917
474976
475154
475737
475776
475789
475883
476021
476175
476364
477084
477583
477752
477949
478004
478042
478179
478257
478499
478661
478979
478999
479279
479703
479885
480129
480550
480570
480709
480869
480878
481123
481135
481690
481700
481776
481884
481940
482206
482280
482339
482362
482437
482438
482649
482781
483162
483316
483445
483778
484169
484421
484488
485026
485054
485056
485079
485213
485269
485374
485445
486034
486052
486058
486128
486506
486715
486766
486766
486946
487131
487236
487330
487483
487534
487770
487783
488263
488323
488339
488613
488777
488863
488897
489114
489210
489992
490000
490027
490107
490177
490591
490959
491027
491186
491243
491298
491586
491953
491977
491982
492335
492373
492499
492631
492728
492800
492803
492905
492930
492972
493053
493080
493245
493320
493451
493503
494010
494151
494695
495011
495096
495191
495343
495354
495367
495425
495633
495994
496414
496585
496619
496746
497247
497281
497565
497640
497683
497886
498187
498338
498433
498976
499281
499321
499336
499430
499433
499950
500113
500202
500335
500838
500843
501653
501962
502215
502308
502533
502651
502799
502954
503157
503441
503465
503766
503812
504234
504292
504350
504719
504794
505177
505236
505363
505365
505404
505661
505735
505904
506457
506466
506518
506582
506748
506853
506952
507192
507752
507986
508341
508860
508921
509185
509192
509202
509317
509589
510062
510069
510076
510139
510512
510539
510635
510827
511058
511154
511382
511414
511485
511625
511804
512183
512505
512650
513271
513899
513926
513929
513970
513990
514403
514500
514995
515260
515334
515434
515749
515797
515802
516123
516127
516336
516499
516649
516898
517445
517543
517553
517567
517721
517723
517875
518078
518107
518149
518157
518732
518808
518944
519019
519125
519218
519640
519716
519915
519934
520019
520059
520168
520498
520631
520737
520789
520958
521090
521726
522001
522071
522215
522325
522535
522686
522957
523315
523515
523541
523763
524081
524435
524471
524566
524643
524657
524763
525339
525347
526127
526309
526343
526508
527092
527249
527351
527645
527851
527885
527998
528560
528627
528780
528784
528946
529128
529154
529462
529490
529848
530019
530123
530126
530607
530938
530952
531187
531400
531492
532036
532074
532091
532290
532420
532428
532621
533149
533185
533257
533292
533302
533459
533461
533764
534070
534319
534569
534604
534697
534702
534826
534911
535013
535326
535680
535811
536221
536258
536404
536873
537114
537283
537541
537736
537764
537797
537945
537953
537967
538839
539012
539036
539234
539390
539807
539847
539848
539862
540075
540322
540592
540637
541312
541320
541449
541468
541652
542104
542485
542553
543363
543437
543483
543847
543921
544070
544207
544209
544266
544861
544874
544918
544919
545146
545190
545290
545533
545772
545820
546350
546413
546560
546620
546728
547042
547084
547247
547287
547889
548121
548159
548211
548226
548444
548480
548850
548899
548901
549109
549207
549294
549458
549676
549730
549797
550001
550253
550270
550399
550551
550658
551295
551394
551514
551633
551742
552063
552368
552473
552528
552805
552878
552958
553146
553541
553902
554010
554098
554163
554328
554421
554529
554595
554603
554739
554831
555366
555382
555567
556433
556829
556837
556942
557051
557142
557302
558289
558365
558440
558628
558705
558955
559189
559277
559445
560116
560280
560353
560997
561018
561041
561149
561763
561811
561852
561859
561886
561927
562275
562649
562957
563037
563072
563181
563291
563970
564030
564037
564045
564285
564349
564350
564401
564428
564682
565100
565220
565421
565483
565625
565744
565984
566092
566101
566124
566413
566590
566617
567089
567578
568111
568484
568616
569078
569755
569917
570003
570037
570124
570492
570878
571043
571083
571192
571220
571472
571475
571522
572322
572463
572483
572525
572553
572589
572601
572761
572886
572965
572996
573032
573268
573317
573622
573769
573790
573793
573924
574011
574358
574635
574882
574882
574887
575023
575027
575055
575198
575205
575223
575260
575321
575579
575805
575986
576335
576388
576590
576770
576987
577216
577616
577690
577822
578341
578762
579593
579958
580149
580282
580744
580952
580957
581032
581086
581324
581515
581876
581905
582315
582338
582799
583195
583398
583958
584264
584523
585205
585258
585472
585542
585770
585795
586128
586311
586388
586442
586528
586708
586766
586989
587542
587660
587665
587760
588156
588474
588474
588711
588723
588849
588954
589325
589735
589791
589888
590181
590930
590964
591002
591026
591100
591171
591281
591308
591440
591742
592008
592203
592334
592478
592586
593010
593093
593499
593589
593614
593630
594215
594324
594814
594861
595097
595368
595508
595513
595622
595892
596083
596366
596534
596803
596855
596911
596963
596980
597488
597698
598089
598167
598370
598382
598388
598514
598623
599174
599300
599372
599722
600117
600361
600469
600769
600867
600930
600938
601070
601485
601568
602255
602408
602422
602726
603786
603940
604139
604173
604753
605356
605807
605987
606042
606368
606628
606753
607396
607779
608253
608254
608414
608488
608872
608944
609339
609524
609663
610196
610268
610417
610537
610639
610720
611410
611790
611886
612399
612496
612604
612763
612902
612959
612981
613073
613091
613202
613281
613465
613810
613996
614030
614511
614769
614946
615055
615166
615222
615304
615538
615609
615859
615949
616124
616554
616614
617059
617267
617320
617457
617505
617546
617569
617647
617753
618017
618834
618996
619041
619072
619204
620094
620370
620392
620483
620727
620975
621269
621703
621729
621862
621931
621968
622011
622560
622591
622626
622777
622954
623017
623287
623403
623446
624031
624109
624150
624221
624583
624893
625012
625210
625380
625421
625727
626064
626409
626607
626771
626799
626924
627016
627019
627321
628238
628447
628762
628789
629391
629507
629701
629780
630304
630443
630773
630775
630845
630960
631233
631287
631491
631541
631626
631809
631942
632557
632563
632854
632904
633074
633137
633179
633400
633417
633623
633726
633766
634022
634225
634295
634316
634492
634994
635244
635246
635281
635325
635587
635591
635625
635767
635872
636010
636143
636226
636353
636429
636480
636498
636915
636989
637094
637289
637651
638020
638147
638228
638368
638589
638893
639006
639126
639282
639403
639518
639529
639634
639747
639838
640066
640587
640845
641238
641365
641421
641751
641892
642157
642166
642738
643253
643316
643385
643461
643493
643566
644042
644146
644296
644428
644664
644696
644815
645107
645296
645630
645729
646386
646579
646704
646711
647227
647241
647283
647339
647625
648142
648412
648518
648522
648609
648726
649157
649292
649718
650352
650353
651134
651136
651378
651434
651476
651794
651899
652302
653156
653516
653714
654124
654187
654437
654461
654526
654819
654945
654968
655112
655229
655340
655458
655804
656396
656624
657199
657371
657817
657902
658082
658094
658390
658435
658790
658925
659789
659818
660056
660183
660336
660703
660715
661055
661146
661174
661237
661313
661448
661689
661736
661806
662559
662720
662880
663198
663950
663994
664225
664370
664872
665123
665131
665154
665155
665169
665220
665417
665736
665789
666118
666328
666704
666833
667123
667127
667344
667372
667502
668363
668364
668624
668775
668784
668850
669086
669179
669440
669532
669538
669741
669937
670038
670688
670806
671166
671338
671564
671752
671754
671759
672155
672441
672606
672876
673168
673339
673369
673391
673949
674396
674418
674446
674495
674535
674641
674782
674884
675105
675551
675634
675743
676149
676440
676663
676782
676898
677340
677418
677538
677717
678003
678155
678241
678468
678685
679262
679292
679567
679664
679781
680168
680297
680559
680589
681019
681095
681417
681983
682290
682414
682472
682669
682751
682775
682857
683174
683190
683397
683501
684112
684278
684294
684367
684930
686227
686248
686763
686896
686974
687005
687307
687483
687849
688051
688209
688302
689126
689685
689772
690120
690306
690360
690368
690579
690613
690626
690868
690930
690958
691087
691201
691313
691643
691647
691761
691975
692118
692331
692377
692685
692770
692777
692819
693054
693059
694003
694067
694223
694996
695171
695568
695631
695777
695788
696532
696634
696776
697603
697697
697713
698078
698394
698447
698571
698586
698927
699356
699972
700010
700272
700573
700699
700723
700754
701101
701148
701149
701270
701493
701520
701533
701535
701682
702305
702450
702567
702941
702944
703135
703163
703183
703447
703662
703729
703868
704313
704412
704485
704485
704567
704852
705107
705290
705360
705400
705403
705710
705979
706138
706141
706181
706506
706541
706647
706887
707074
707131
707205
707300
707329
707540
707556
707630
707654
707775
708313
708428
708675
709016
709361
709364
709428
709433
709673
709859
709878
710049
710097
710555
710647
710872
710873
710936
711381
711564
711850
711981
712350
712376
712995
713080
713171
713256
713308
713458
713773
713846
713861
713886
713933
714087
714201
714375
714674
714904
714937
715005
715235
715638
716255
716454
716465
716509
716908
716951
717774
717988
718055
718116
718295
718810
718902
719074
719330
719348
719389
720083
720090
720172
720504
720613
720737
720897
721063
721120
721386
721459
721820
721860
722040
722172
722490
722604
722835
722862
722958
723058
723111
723200
723202
723354
723382
723506
723618
724137
724286
724491
724790
724902
725062
725170
725218
725327
725352
725394
726095
726230
726312
726503
726645
726651
726814
727088
727208
727459
727699
728060
728258
728279
728802
728906
729405
730116
730118
730690
730758
730762
731660
732493
732620
732836
733465
733503
733606
733761
733938
734017
734132
734562
734673
734713
734969
735046
735047
735328
735658
735668
735990
736335
736626
736906
736997
737835
738097
738486
738724
738995
739003
739221
739299
739668
740049
740084
740259
740287
740418
740435
740800
740865
741187
741222
741933
742587
742698
742780
742850
743016
743294
743364
743872
744263
744477
744487
744725
744729
744777
744777
745227
745488
745691
745791
746101
746139
746410
746868
746939
747036
747294
747319
747442
747661
747793
747796
748050
748250
748305
748473
748696
748707
748718
748720
749154
749339
750073
750128
750614
750846
752506
753219
753319
753683
753870
753918
754098
754116
754349
754552
754673
755148
755199
755422
755590
755603
755629
755630
755936
756298
756387
756851
756868
756970
757022
757034
757354
757408
757446
757472
757669
757806
758355
758826
758863
758874
759325
759355
759385
759633
759956
760029
760182
760186
760235
760492
760512
760957
761079
761152
761153
761353
761568
761745
761996
762111
762327
762381
762386
762508
762697
763920
764303
764442
764524
764672
764794
764797
764902
765135
765404
765404
765595
765827
765871
766083
766422
766496
766768
766839
767057
767868
768127
768216
768394
768482
768681
768735
768825
768897
769257
769409
769586
769829
769883
769942
769972
770136
770330
770387
770478
770711
770797
771149
771206
771475
771559
771801
772212
772582
772603
772757
772878
772890
772932
774026
774123
774186
774222
774315
774317
774406
774509
774548
774565
774949
774969
775122
775275
775474
775927
776050
776091
776180
776712
776787
776790
777125
777163
777364
777377
777560
777610
777694
777724
777856
778693
778847
779465
779600
779927
780300
780768
780946
781272
781486
781763
782069
782140
782493
782719
782853
782912
783348
783631
783898
784082
784284
784416
784812
784918
785147
785292
785404
785490
785506
785523
785591
785752
785900
785905
786226
786252
786386
786664
786667
786742
787096
787377
787454
787582
787891
788018
788160
788355
788777
788837
788924
788967
789062
789224
789348
789528
789835
790417
790563
791631
791694
792349
792350
792724
792856
793078
793660
793789
793946
794057
794114
794395
794409
794427
794536
794583
794893
795150
795257
795367
795651
796072
796157
796467
796504
796522
796892
797369
797565
797756
798315
798817
798878
798898
798986
799051
799426
799631
799634
799752
800030
800096
800835
800870
801052
801173
801443
801455
801655
801961
802050
802056
802159
802345
802551
802671
802942
803002
803069
803074
803193
803375
803526
803669
804171
804289
804310
804415
804486
804712
804735
804899
804919
804978
805545
805732
806240
806355
806367
806403
806445
806732
806773
806862
807124
807394
807878
807882
808010
808472
808585
808933
809451
809889
810012
810150
810336
810563
811127
811305
811558
811577
811783
811797
811972
812298
812661
812679
812722
812754
812977
813159
813362
813605
813760
814111
814282
814780
815424
815494
815955
816071
816134
816215
816220
816260
816339
816539
816850
817046
817184
817357
817537
817857
818446
818509
818916
819080
819353
819439
819519
819582
820114
820659
820752
820758
821396
821533
821955
821956
822254
822806
822860
823293
823381
823523
823884
824071
824130
824656
824791
825171
825361
825559
825605
825800
825916
826264
826607
826621
826969
827441
827549
827834
827878
827984
828202
828487
828826
828929
828993
829090
829150
829204
829294
829481
829613
829832
830070
830296
830304
830323
830430
830504
830540
830643
830763
830857
831160
831224
831590
831742
832038
832056
832247
832933
833023
833102
833163
833428
833555
833661
833817
833934
834400
834447
834481
834684
834853
834946
835090
835412
835733
836299
836610
836679
836754
836825
836836
837209
837581
837655
838155
838179
838287
838989
839325
839366
839403
839851
840187
840516
841123
841197
841549
841551
841746
842053
842292
842816
843024
843428
843485
843881
844049
844083
844230
844822
845032
845082
845289
845388
845520
845591
845746
845894
846053
846135
846267
846426
846894
846977
847177
847451
847845
847918
848145
848153
848341
848432
848505
849319
849492
849762
849810
849958
850063
850339
850543
851014
851235
851320
851584
851601
851988
852617
852623
852634
852786
852888
853295
853489
853661
853814
853939
854042
854062
854097
854098
854194
854353
854387
854446
854538
854683
855542
855727
855866
856142
856737
857344
857366
857464
857675
858053
858270
858699
858860
858969
858988
859226
859963
859999
860591
860596
861120
861727
861792
862802
862806
863593
863873
863907
864481
864819
864840
865128
865277
865366
865451
865573
865725
865740
866392
866408
866429
866545
866557
867269
867422
867621
868098
868264
868399
868448
868717
868784
868837
869145
869343
869388
869401
869451
869528
869818
869906
870037
870460
870461
870496
870791
871000
871043
871053
871137
872353
872710
872743
873165
873435
873446
873480
873513
873515
874089
874133
874211
874863
874951
874969
874974
875017
875057
875109
875286
875316
875351
875640
875909
875978
876229
876647
876699
876982
877108
877140
878206
878520
878673
879552
880226
880381
880533
880569
880685
881304
881423
881519
881759
882152
882271
882328
882409
882475
882584
883088
883852
884850
885196
885238
885386
885508
886059
886384
886463
886628
886978
887186
887329
887343
887560
887660
887803
887958
887982
887989
888228
888574
888680
888837
889260
889618
889744
890048
890244
890371
890675
891254
891334
891466
891638
892161
892438
892857
892921
892936
892983
893069
893141
893403
893529
893916
894018
894428
894461
894828
894977
894996
895021
895038
895151
895291
895436
895504
895841
896499
897004
897490
897525
897763
897797
898061
898138
898167
898500
898506
898537
898814
899228
899551
900034
900305
900658
900973
900975
900994
901004
901063
901094
901474
901554
902021
903177
903190
903566
903580
903682
903881
904018
905192
905385
905611
905751
905771
905917
906158
906197
906527
906577
906996
907231
907361
907526
907571
907669
907854
908235
908251
908520
908538
908766
908846
909211
909246
909341
909365
909576
909610
910253
910258
910310
910435
910875
910959
911191
911340
911548
911786
911899
911917
912055
912267
912269
912843
913064
913295
913700
914398
914410
914653
914693
914800
915667
915709
915875
916066
916170
916487
917669
917955
918064
918075
918107
918121
918184
918245
918263
918751
918865
919189
919287
919358
919361
919533
919591
919986
920038
920488
920830
920964
921280
921752
921995
922256
922326
922351
922596
922951
923307
923556
923969
924347
924393
924554
925393
925433
925721
925786
925857
926131
926156
926210
926234
926652
927335
927494
928191
928291
928311
928545
928577
929416
930039
930058
930122
930142
930164
930242
930886
930959
931765
932288
932587
932652
933007
933022
933213
933681
933720
933931
933990
934303
934451
934683
935226
935247
935500
935695
935710
936271
936585
936636
936784
936868
936987
937457
937732
938149
938157
938270
938329
938445
938620
938701
938993
939013
939255
939443
939507
939561
939811
939884
940042
940087
940310
940404
940457
940865
941062
941484
941497
941728
942439
942491
942590
942709
942916
942916
943003
943705
943880
943989
944095
944298
944650
944976
945053
945082
945229
945486
945487
945941
946277
946307
946550
946632
947041
947051
947178
947386
947468
947677
947739
947779
947983
947988
948088
948415
948480
948866
949115
949153
949164
949222
949299
949563
949730
949908
950186
950304
950880
951142
951318
951605
952280
952366
952386
952741
952774
952847
952861
952926
953046
953165
953220
953642
953666
953865
953877
954166
954887
955081
955260
955432
955771
955939
955951
956042
956429
957436
957620
957677
957687
957771
958031
959156
959295
959639
959708
959819
960250
960378
960411
960596
960629
961393
961679
961682
961688
961878
962074
962103
962504
962507
962564
962600
962932
963007
963290
963628
963638
963858
963953
963981
964125
964191
964193
964443
964522
964680
964683
965014
965069
965557
966036
966067
966149
966189
966692
966707
966848
966948
966950
967037
967137
967250
967523
967637
967654
967721
967857
967873
967877
968158
968966
969091
969100
969710
969762
970072
970290
970780
970818
970868
970879
971726
971924
972404
972417
972672
972798
972835
973813
973871
974112
974580
974802
974831
975266
975358
975407
975429
975978
976257
976505
976554
976784
977467
977622
977805
977904
978009
979245
979759
979802
979969
979982
980108
980437
980456
980519
980538
980710
980824
981337
981712
981776
982030
982346
982353
982639
982690
982766
982933
983044
983157
983202
983296
983422
983804
984129
984200
984240
984471
984537
984857
984908
984987
985191
985588
985700
986238
986264
986667
987193
987334
987415
987743
987799
988539
988751
988865
988871
988922
989390
989683
989693
989877
989944
990260
990364
990415
990513
990546
990783
990816
991608
992200
992210
992300
992393
992709
992726
992734
992893
992956
992974
993018
993259
993368
993446
993624
994314
994425
994571
994949
994984
994985
995154
995593
995960
996658
996683
996966
997111
997301
997811
997813
997946
998055
999170
999213
999242
999278
999518
999754
999932
999960
