7239711458
7239772364
7239831558
7239877256
7239914786
7239974333
7240006556
7240051175
7240061488
7240063184
7240119980
7240150848
7240160654
7240230697
7240248424
7240268778
7240345606
7240399480
7240400268
7240407797
7240479757
7240508552
7240528306
7240603194
7240687787
7240772991
7240850131
7240906753
7240918547
7241007263
7241098551
7241122417
7241194457
7241201266
7241224615
7241278272
7241353692
7241376916
7241455102
7241522514
7241557921
7241567544
7241599354
7241675972
7241680312
7241700776
7241725718
7241810153
7241885820
7241974036
7241980023
7242039990
7242124491
7242164239
7242254660
7242313877
7242349651
7242415450
7242501956
7242594321
7242636265
7242697743
7242772095
7242800142
7242868416
7242887892
7242916514
7242993094
7243074676
7243126868
7243130121
7243221735
7243249581
7243326623
7243334274
7243343635
7243365737
7243408148
7243449451
7243535834
7243626691
7243663099
7243699250
7243741807
7243832271
7243856483
7243879394
7243927034
7243993737
7244051531
7244092056
7244167156
7244215284
7244271554
7244338418
7244422053
7244431601
7244499138
7244554495
7244571225
7244656919
7244676939
7244681011
7244735623
7244824359
7244905400
7244939946
7244963932
7244964571
7245017416
7245063419
7245145694
7245224585
7245278402
7245281298
7245315042
7245374250
7245414456
7245493857
7245549475
7245584885
7245677491
7245692678
7245748878
7245762612
7245789045
7245791696
7245794158
7245840046
7245870234
7245944971
7245967599
7246026919
7246093687
7246103416
7246196457
7246197306
7246246089
7246328055
7246382595
7246401703
7246449782
7246526577
7246616341
7246670981
7246756473
7246834704
7246847319
7246914965
7246977171
7247064526
7247112838
7247116387
7247118849
7247181381
7247218537
7247258039
7247330952
7247423352
7247454811
7247520249
7247538253
7247553961
7247581763
7247621512
7247659219
7247749184
7247765885
7247847612
7247925045
7247955400
7247958827
7248028740
7248079651
7248120808
7248197247
7248266909
7248350044
7248391788
7248438176
7248439380
7248467977
7248501561
7248552824
7248644475
7248660641
7248708751
7248766257
7248844659
7248849904
7248911395
7248995166
7249012743
7249049058
7249141120
7249230605
7249241020
7249318079
7249399720
7249432714
7249449987
7249490099
7249550390
7249560457
7249568321
7249585817
7249596510
7249673642
7249738759
7249758001
7249827665
7249839268
7249893466
7249971265
7250030799
7250062270
7250107502
7250139285
7250146964
7250160053
7250205797
7250286761
7250298387
7250361221
7250373093
7250418290
7250424301
7250481638
7250528492
7250621441
7250657511
7250687536
7250723085
7250728099
7250735188
7250770578
7250822851
7250853167
7250895988
7250943653
7251025358
7251096779
7251136720
7251202595
7251275136
7251310695
7251327173
7251404897
7251489895
7251566938
7251646469
7251678171
7251732339
7251752540
7251778146
7251852081
7251908798
7251967486
7252032756
7252040759
7252124729
7252196761
7252251012
7252325114
7252413900
7252488459
7252561951
7252652826
7252685211
7252764356
7252843252
7252860706
7252865787
7252923429
7252927690
7252945163
7253011304
7253019492
7253057174
7253114128
7253172838
7253200575
7253224878
7253291752
7253378831
7253404409
7253429003
7253480490
7253511073
7253547368
7253637605
7253656152
7253700888
7253738244
7253805276
7253865915
7253957842
7253966560
7253992389
7253992540
7254044861
7254130793
7254184110
7254254566
7254327755
7254376593
7254385080
7254446790
7254485824
7254537904
7254617985
7254664581
7254710955
7254752927
7254789780
7254819363
7254836813
7254898386
7254912333
7254964010
7254967833
7255000090
7255012307
7255038093
7255089419
7255140383
7255217988
7255226323
7255293017
7255347284
7255419088
7255480959
7255533668
7255580364
7255597060
7255672471
7255702552
7255740919
7255823285
7255879631
7255911373
7255971888
7256019332
7256038332
7256055508
7256105838
7256114565
7256116034
7256190320
7256203272
7256277023
7256356127
7256404996
7256462663
7256535187
7256623041
7256686430
7256693791
7256731648
7256790916
7256819714
7256874805
7256898210
7256964351
7257043459
7257082262
7257116963
7257193136
7257203853
7257233336
7257252337
7257314520
7257340792
7257349007
7257353239
7257375450
7257464159
7257515157
7257538068
7257603454
7257645197
7257650211
7257703945
7257719020
7257794584
7257868119
7257953648
7258032399
7258086743
7258112983
7258184596
7258217432
7258287564
7258367818
7258382854
7258459386
7258551735
7258626738
7258718417
7258792413
7258846765
7258931822
7258948493
7258990236
7259069807
7259100684
7259165660
7259177047
7259200595
7259256230
7259262496
7259338924
7259377944
7259387387
7259466083
7259471889
7259524126
7259579965
7259647762
7259704794
7259718791
7259753758
7259834557
7259871909
7259901227
7259909174
7259955583
7260021765
7260086704
7260157537
7260166583
7260242724
7260310033
7260327570
7260349556
7260349997
7260374288
7260430983
7260442837
7260506028
7260551942
7260610323
7260643263
7260693620
7260744634
7260833906
7260882663
7260910092
7260924014
7260946026
7260953169
7260993103
7260996738
7261051661
7261071567
7261163695
7261243675
7261299534
7261308699
7261340653
7261365827
7261393194
7261398280
7261407059
7261414449
7261433479
7261522806
7261540426
7261571112
7261600373
7261668304
7261695167
7261733646
7261761541
7261801787
7261846807
7261894204
7261938766
7261977509
7261990852
7262032103
7262097405
7262188061
7262246089
7262315849
7262350879
7262383794
7262387567
7262434619
7262439515
7262498792
7262569939
7262611034
7262612375
7262655854
7262690871
7262763686
7262792004
7262870987
7262897660
7262900108
7262918031
7262959860
7262994198
7263037155
7263074308
7263160094
7263192618
7263260078
7263283637
7263371410
7263379378
7263438452
7263454655
7263506284
7263590216
7263659611
7263722720
7263773871
7263856006
7263925663
7264011249
7264076673
7264097704
7264162410
7264207642
7264283784
7264336316
7264422936
7264472508
7264547072
7264617580
7264656755
7264715182
7264758903
7264831935
7264887657
7264951388
7265014936
7265049123
7265110157
7265147078
7265220785
7265288830
7265318551
7265345361
7265349554
7265374388
7265421591
7265467608
7265471353
7265548418
7265572743
7265637471
7265700191
7265719646
7265798500
7265862531
7265898346
7265963246
7265998289
7266030133
7266093035
7266131759
7266194212
7266258602
7266281585
7266331844
7266348893
7266384077
7266452294
7266459854
7266477725
7266555921
7266614725
7266620205
7266707914
7266733702
7266818952
7266879551
7266931594
7266945621
7267024301
7267053744
7267059081
7267100700
7267189064
7267252811
7267257483
7267276987
7267366185
7267448627
7267473487
7267484084
7267540166
7267543783
7267589091
7267629623
7267647361
7267654494
7267711926
7267743648
7267796366
7267881620
7267922387
7267974713
7268048505
7268085238
7268106834
7268113023
7268157601
7268171026
7268257228
7268271988
7268278476
7268313253
7268375648
7268426916
7268483538
7268499718
7268539236
7268552979
7268630404
7268653196
7268677881
7268713760
7268728832
7268793521
7268808340
7268892291
7268950972
7269009296
7269035498
7269110838
7269129445
7269165441
7269166999
7269217105
7269219367
7269310822
7269357801
7269443261
7269526469
7269574910
7269610089
7269666487
7269673529
7269692821
7269696706
7269759603
7269783057
7269813425
7269816214
7269902226
7269960090
7270015197
7270024499
7270096733
7270162651
7270221613
7270248556
7270327530
7270340004
7270375040
7270449242
7270523488
7270616598
7270628573
7270700597
7270735879
7270794682
7270847673
7270936517
7270996381
7271018652
7271104577
7271157879
7271184910
7271277332
7271370144
7271392243
7271410716
7271441142
7271447829
7271451869
7271480970
7271569841
7271615519
7271626760
7271693912
7271729917
7271790438
7271860655
7271915359
7271963966
7271964431
7272028331
7272085704
7272108850
7272182921
7272248506
7272309695
7272354730
7272401839
7272413323
7272478034
7272550593
7272627160
7272700195
7272726086
7272767855
7272817950
7272907840
7272961255
7272967270
7273009784
7273049738
7273120596
7273193765
7273237360
7273260283
7273343948
7273400866
7273434061
7273441759
7273457580
7273529375
7273576262
7273616874
7273633022
7273722187
7273808803
7273809135
7273857128
7273871757
7273907620
7273987091
7274016804
7274039479
7274077226
7274166451
7274212807
7274294463
7274336033
7274394649
7274450182
7274540046
7274596273
7274650198
7274741933
7274821310
7274831872
7274862290
7274925126
7274943721
7274946709
7275016601
7275017673
7275027647
7275081806
7275107076
7275141447
7275145322
7275154000
7275203366
7275206303
7275263439
7275340739
7275342181
7275406049
7275421751
7275467497
7275502242
7275542192
7275579084
7275634843
7275689870
7275696653
7275729989
7275810954
7275823561
7275836749
7275895221
7275924959
7275973248
7276005233
7276013106
7276056630
7276067574
7276107182
7276124159
7276209535
7276273003
7276320747
7276349408
7276437794
7276502271
7276508799
7276600569
7276677048
7276693022
7276784277
7276805090
7276869117
7276903234
7276980984
7277012091
7277022262
7277055325
7277081495
7277140093
7277231832
7277265184
7277275167
7277332133
7277402686
7277481374
7277514311
7277528239
7277599286
7277613081
7277669209
7277755705
7277788733
7277817814
7277869672
7277949063
7277992467
7278080035
7278143999
7278186537
7278275644
7278350817
7278411832
7278456800
7278474023
7278543374
7278629613
7278664785
7278689401
7278762980
7278828712
7278864354
7278919434
7278930898
7278975047
7278987519
7279034706
7279049174
7279128283
7279155005
7279243996
7279308353
7279325659
7279401678
7279421039
7279465250
7279497805
7279499537
7279525862
7279535674
7279626826
7279673080
7279692130
7279761963
7279774279
7279832951
7279901263
7279968967
7279980927
7280068188
7280108709
7280118553
7280144923
7280236850
7280313935
7280360711
7280416164
7280482520
7280526281
7280574875
7280639256
7280657955
7280668234
7280701238
7280739189
7280748431
7280803282
7280895109
7280944505
7280977105
7281016557
7281089439
7281128273
7281169612
7281260085
7281281155
7281335251
7281359851
7281387600
7281428872
7281435434
7281440738
7281528879
7281543479
7281559717
7281649934
7281734906
7281813148
7281864128
7281925631
7281962339
7282015289
7282016973
7282101255
7282117239
7282202938
7282255461
7282288033
7282348252
7282354055
7282377778
7282445963
7282475329
7282493188
7282571629
7282648473
7282670376
7282679196
7282742878
7282752642
7282773197
7282808370
7282818400
7282877237
7282906689
7282948674
7282964973
7283048927
7283138752
7283149171
7283231381
7283321533
7283410655
7283491907
7283502875
7283532139
7283615068
7283651286
7283704169
7283713461
7283760816
7283798043
7283870789
7283946766
7284003171
7284071644
7284101980
7284170429
7284180765
7284227734
7284319802
7284319898
7284323324
7284352355
7284382883
7284406432
7284414872
7284439044
7284458267
7284492732
7284562785
7284620103
7284675141
7284733307
7284815229
7284867259
7284954817
7284955353
7285013476
7285017774
7285074054
7285090375
7285122167
7285149805
7285156414
7285232902
7285273028
7285283020
7285314083
7285365988
7285418273
7285505790
7285542181
7285558167
7285621503
7285698982
7285704895
7285794190
7285884042
7285924825
7285934988
7285964058
7285983600
7286024942
7286066836
7286073536
7286118565
7286129426
7286136194
7286181964
7286203921
7286253453
7286266255
7286290904
7286337288
7286371382
7286391324
7286436023
7286463033
7286497755
7286510643
7286543511
7286594836
7286670201
7286694951
7286777122
7286839227
7286897653
7286951623
7286985798
7287063506
7287094509
7287156421
7287158550
7287198784
7287211761
7287237542
7287327853
7287363520
7287444614
7287532908
7287572255
7287598413
7287657332
7287679009
7287742319
7287762478
7287791565
7287845114
7287903495
7287959500
7288022256
7288072199
7288106395
7288122915
7288153631
7288207783
7288241701
7288265250
7288304461
7288322774
7288389338
7288433666
7288483243
7288532741
7288569452
7288577733
7288628553
7288679600
7288695731
7288774580
7288780504
7288801026
7288827983
7288892889
7288948379
7288975950
7288995192
7289036155
7289093767
7289155201
7289228162
7289283561
7289355712
7289439769
7289485958
7289518560
7289538591
7289554812
7289580328
7289593299
7289614268
7289707012
7289712265
7289722329
7289738467
7289814092
7289833688
7289834864
7289847881
7289886043
7289899183
7289909954
7289929913
7289948178
7290026436
7290095294
7290148634
7290191393
7290273465
7290329566
7290378464
7290454639
7290499185
7290566564
7290614814
7290648849
7290664783
7290702060
7290765964
7290792065
7290805637
7290807203
7290841620
7290914333
7290993637
7291013420
7291073933
7291115124
7291125554
7291136074
7291194014
7291285012
7291285366
7291293128
7291293923
7291384747
7291400773
7291486758
7291542847
7291555818
7291595859
7291629593
7291692273
7291743830
7291759541
7291792458
7291831944
7291857006
7291919102
7291972796
7292039882
7292107982
7292188869
7292231083
7292299431
7292382353
7292406668
7292465973
7292532646
7292555872
7292621537
7292629169
7292679782
7292749802
7292779223
7292863713
7292890955
7292908296
7292966565
7292987519
7293032426
7293076023
7293080201
7293145347
7293187928
7293209154
7293274970
7293287040
7293316614
7293318628
7293329048
7293337163
7293400614
7293476705
7293503735
7293524430
7293591906
7293631321
7293674338
7293679319
7293761560
7293769117
7293775524
7293784100
7293811555
7293870465
7293871004
7293908029
7293957930
7294023322
7294076588
7294126699
7294140962
7294231098
7294243981
7294320681
7294390892
7294477486
7294500545
7294526975
7294615574
7294627012
7294631782
7294699622
7294714796
7294732168
7294769570
7294821576
7294858990
7294875412
7294964410
7294995192
7295062281
7295070587
7295128961
7295137373
7295175577
7295206012
7295223096
7295249317
7295260276
7295286677
7295342359
7295396221
7295466481
7295558762
7295641220
7295653290
7295687612
7295695546
7295745969
7295779729
7295848606
7295928745
7295947765
7296017830
7296024311
7296116549
7296183093
7296194366
7296263542
7296328980
7296414349
7296417697
7296485356
7296524619
7296576783
7296592520
7296660829
7296689132
7296723895
7296796178
7296837862
7296861280
7296871138
7296907116
7296929168
7296942983
7296983962
7297025634
7297072787
7297136042
7297164882
7297237098
7297318829
7297411460
7297433561
7297456509
7297460896
7297553141
7297564772
7297569761
7297640046
7297695113
7297749914
7297754824
7297808696
7297842670
7297863339
7297908922
7297992805
7298057929
7298114239
7298162745
7298245113
7298259094
7298283804
7298365653
7298448688
7298530629
7298603789
7298663170
7298721889
7298792310
7298837787
7298875000
7298882078
7298902259
7298977601
7299021612
7299075789
7299083613
7299144379
7299198662
7299255427
7299282083
7299300755
7299354955
7299392411
7299406738
7299467892
7299491940
7299568877
7299579419
7299671345
7299671791
7299753613
7299764027
7299773049
7299836143
7299929243
7299953507
7299980585
7300007828
7300044063
7300130118
7300201535
7300267814
7300322432
7300394776
7300405152
7300446637
7300508107
7300528036
7300599435
7300652828
7300692386
7300721540
7300778235
7300837636
7300891120
7300954328
7300961807
7300979107
7301032429
7301079086
7301083148
7301135491
7301188520
7301259029
7301349859
7301394840
7301398808
7301423780
7301501645
7301569839
7301592260
7301611576
7301695034
7301714425
7301755277
7301798236
7301857003
7301886177
7301942621
7301973907
7302033299
7302064137
7302075518
7302118294
7302130205
7302143840
7302211668
7302256698
7302305914
7302352077
7302372338
7302431459
7302492946
7302581629
7302655124
7302656235
7302682993
7302753003
7302760770
7302831963
7302852584
7302925191
7302998326
7303070276
7303133182
7303150486
7303151404
7303164172
7303186433
7303253865
7303293369
7303357166
7303413532
7303465686
7303482335
7303535479
7303540280
7303628691
7303712029
7303747126
7303812531
7303899995
7303971185
7304051559
7304127546
7304147125
7304166834
7304186034
7304246457
7304309630
7304349749
7304379210
7304465240
7304550650
7304565123
7304651290
7304722555
7304750844
7304757302
7304844323
7304904533
7304935265
7304964380
7305051601
7305127360
7305200832
7305223323
7305290418
7305337678
7305357690
7305442423
7305523293
7305535742
7305589562
7305665078
7305748636
7305782549
7305858802
7305910012
7305971179
7305976592
7306053534
7306063551
7306142827
7306232793
7306248621
7306265215
7306282292
7306324344
7306395859
7306483974
7306555356
7306589538
7306642698
7306693340
7306741514
7306823690
7306829284
7306857126
7306933566
7306957093
7306991344
7307067591
7307072459
7307146654
7307171970
7307202440
7307210838
7307216805
7307259420
7307344433
7307378991
7307390456
7307418298
7307455717
7307489306
7307496333
7307515980
7307597232
7307655343
7307656496
7307688831
7307746589
7307772553
7307860808
7307908013
7307929834
7307957679
7308033673
7308042353
7308078436
7308139705
7308145169
7308166273
7308246982
7308277554
7308347503
7308392512
7308464698
7308510894
7308592233
7308654950
7308686271
7308725514
7308808708
7308899552
7308913486
7308949830
7308989342
7309057553
7309127721
7309210120
7309301565
7309315845
7309341169
7309352587
7309391862
7309454549
7309498937
7309525898
7309604995
7309630595
7309702855
7309780592
7309822604
7309877153
7309950613
7310031443
7310095165
7310120598
7310143591
7310154459
7310168695
7310175629
7310266679
7310287606
7310335130
7310414949
7310507040
7310559308
7310570408
7310593690
7310629583
7310632288
7310720371
7310733330
7310803095
7310871856
7310906774
7310984076
7311074265
7311143576
7311213391
7311266422
7311339813
7311362544
7311427914
7311492637
7311536586
7311580848
7311671130
7311677198
7311768993
7311804880
7311868797
7311919621
7311966975
7312052072
7312089530
7312135864
7312202948
7312292882
7312374373
7312392567
7312420060
7312446389
7312526111
7312544702
7312572265
7312604861
7312654869
7312661315
7312708418
7312761911
7312829135
7312920414
7312950887
7312967753
7312970565
7313062730
7313100418
7313186565
7313274314
7313326898
7313404595
7313442505
7313516951
7313590385
7313593176
7313659231
7313681831
7313744889
7313826509
7313859006
7313919222
7313920395
7313972347
7314019854
7314023856
7314103560
7314113521
7314151499
7314189910
7314241346
7314244810
7314262551
7314287245
7314324575
7314398545
7314489275
7314519064
7314564467
7314599972
7314640407
7314723281
7314768538
7314770971
7314863399
7314907365
7314946639
7315015088
7315090149
7315135546
7315184148
7315209422
7315223874
7315312642
7315351062
7315420822
7315422176
7315437429
7315467421
7315501358
7315533529
7315561832
7315596862
7315668592
7315759228
7315821872
7315912892
7315916502
7315991804
7316001435
7316003713
7316060445
7316094716
7316122181
7316163484
7316207401
7316232978
7316240624
7316262442
7316264277
7316309239
7316362428
7316385731
7316394882
7316447657
7316454006
7316501572
7316584553
7316584908
7316600357
7316614447
7316705075
7316767950
7316814032
7316872102
7316884426
7316943385
7316963406
7316984865
7316987490
7317007586
7317039150
7317058033
7317089611
7317167526
7317239284
7317328565
7317381161
7317444075
7317490705
7317546055
7317557931
7317563292
7317611056
7317629969
7317668157
7317745551
7317778694
7317864296
7317896702
7317937425
7317976520
7318048855
7318082659
7318125012
7318198975
7318221739
7318280882
7318321456
7318361660
7318432391
7318489996
7318491321
7318547406
7318635127
7318719215
7318739801
7318786334
7318818527
7318868333
7318883397
7318950753
7318963115
7318966934
7318989913
7319032727
7319116564
7319176708
7319265120
7319305603
7319392705
7319426144
7319446586
7319518120
7319608849
7319676338
7319748648
7319784272
7319848643
7319852057
7319870943
7319873959
7319893536
7319979909
7319980060
7320028949
7320069490
7320075134
7320156059
7320238108
7320317792
7320318832
7320372301
7320381367
7320463404
7320515129
7320589153
7320621058
7320669074
7320734769
7320741697
7320763501
7320852677
7320935232
7321022339
7321080587
7321164601
7321167183
7321228482
7321307577
7321325887
7321337177
7321377603
7321426326
7321483053
7321558064
7321624359
7321645505
7321649333
7321712135
7321730534
7321806760
7321880009
7321946186
7321969075
7321971834
7322027170
7322053963
7322090394
7322113291
7322172973
7322246008
7322294789
7322315620
7322350642
7322389908
7322423312
7322510222
7322589374
7322638826
7322705227
7322752377
7322833851
7322888613
7322965231
7323053279
7323092010
7323094860
7323101036
7323167062
7323202115
7323286804
7323354343
7323359199
7323424397
7323443612
7323507922
7323509121
7323553963
7323646152
7323728554
7323773701
7323813026
7323822758
7323889137
7323926712
7323937856
7323988285
7323999174
7324026309
7324051821
7324089256
7324117879
7324206158
7324244982
7324256354
7324306338
7324399216
7324415183
7324498267
7324549605
7324556179
7324647899
7324704322
7324758875
7324801386
7324885352
7324901605
7324934443
7324963805
7325017139
7325088076
7325157044
7325187703
7325233245
7325298666
7325372852
7325418911
7325503131
7325566606
7325582907
7325661666
7325709113
7325747667
7325767034
7325777676
7325862161
7325863328
7325914248
7325998958
7326028474
7326051198
7326135317
7326209956
7326250776
7326258108
7326316125
7326334886
7326412005
7326458261
7326501603
7326555161
7326581778
7326612102
7326673990
7326750335
7326775619
7326808343
7326864015
7326901171
7326938668
7326953389
7326986231
7327009883
7327084151
7327113837
7327155665
7327227105
7327228885
7327307476
7327385063
7327421269
7327425237
7327474484
7327515855
7327533984
7327551227
7327621606
7327638597
7327648195
7327658817
7327680050
7327761060
7327843608
7327870791
7327942774
7327958091
7327991864
7328074265
7328119650
7328209167
7328260319
7328278043
7328305777
7328377958
7328441292
7328459417
7328496679
7328541764
7328630641
7328680565
7328771079
7328819764
7328883617
7328945658
7328993965
7329087048
7329153288
7329155848
7329224229
7329239304
7329310131
7329310833
7329362351
7329404226
7329412655
7329413937
7329428649
7329491505
7329502416
7329522346
7329531408
7329532585
7329591856
7329641470
7329670676
7329702016
7329745149
7329832043
7329850974
7329920349
7329988239
7330073161
7330082146
7330096439
7330136856
7330204576
7330281615
7330296371
7330350320
7330383001
7330428917
7330454206
7330524931
7330582073
7330611606
7330652871
7330741990
7330781126
7330785363
7330835028
7330876116
7330937613
7331020934
7331032250
7331083875
7331132882
7331222374
7331275996
7331288382
7331292116
7331297702
7331357199
7331371364
7331446860
7331471262
7331555839
7331565165
7331577927
7331594352
7331646542
7331671749
7331750969
7331841965
7331897940
7331922425
7332003077
7332067568
7332117846
7332138337
7332224958
7332237281
7332259743
7332269231
7332278923
7332315889
7332386970
7332428787
7332495336
7332509036
7332519846
7332566818
7332607909
7332627012
7332706370
7332778176
7332829334
7332887351
7332969812
7332997556
7333022992
7333030567
7333086262
7333099832
7333190764
7333263719
7333344756
7333435314
7333510145
7333513940
7333580904
7333671437
7333714669
7333772681
7333844594
7333869567
7333954405
7334031916
7334109431
7334112022
7334121528
7334203143
7334219310
7334293158
7334311897
7334375022
7334381083
7334385430
7334398129
7334458076
7334479201
7334524841
7334615014
7334657220
7334694987
7334735237
7334797914
7334852591
7334873545
7334966112
7334994176
7335019481
7335108793
7335153202
7335231638
7335272757
7335348423
7335436859
7335508488
7335574322
7335645749
7335719729
7335756855
7335843736
7335925858
7335991915
7336000437
7336019075
7336082406
7336164432
7336250978
7336317559
7336347302
7336369798
7336433768
7336437640
7336507787
7336551148
7336632787
7336681604
7336716797
7336789175
7336847190
7336906308
7336947266
7336972098
7336977481
7337009561
7337036339
7337054707
7337075642
7337149538
7337198923
7337289637
7337355630
7337436304
7337501137
7337556516
7337643427
7337685483
7337741036
7337779020
7337829563
7337861150
7337939785
7338010265
7338041948
7338056038
7338126711
7338192175
7338217427
7338274513
7338275545
7338351771
7338373761
7338435690
7338466049
7338512289
7338537648
7338606366
7338608804
7338650645
7338699971
7338745294
7338818913
7338910991
7338916430
7338993168
7339047214
7339077281
7339117759
7339195557
7339237970
7339291202
7339349476
7339351173
7339416476
7339453176
7339529231
7339615695
7339650550
7339728239
7339769926
7339857592
7339878544
7339899275
7339919333
7339947624
7340005424
7340078675
7340148251
7340207927
7340291091
7340323308
7340392685
7340437704
7340500494
7340545512
7340555716
7340614047
7340645300
7340707150
7340781275
7340782171
7340847159
7340908265
7340976353
7341022725
7341112787
7341149883
7341168149
7341176430
7341268638
7341321659
7341351590
7341374640
7341419073
7341474914
7341559200
7341566280
7341605799
7341614196
7341649470
7341737051
7341769572
7341780260
7341845575
7341903090
7341937266
7342003701
7342060452
7342103049
7342113208
7342122387
7342183330
7342212156
7342242123
7342312688
7342398404
7342408366
7342453956
7342524574
7342583484
7342608592
7342611996
7342626030
7342675007
7342732597
7342782901
7342806042
7342810612
7342837702
7342846101
7342931852
7342984097
7343028126
7343113905
7343174496
7343235393
7343264866
7343268185
7343332229
7343406887
7343466064
7343502962
7343542670
7343614566
7343663487
7343734798
7343762150
7343777247
7343806398
7343876536
7343955795
7343956672
7344049121
7344063515
7344151665
7344192088
7344194059
7344195098
7344270812
7344306570
7344326912
7344371358
7344408611
7344497283
7344514478
7344527190
7344553489
7344625652
7344631307
7344676568
7344712180
7344735794
7344762494
7344764406
7344847178
7344876501
7344964937
7345010962
7345062712
7345100003
7345137292
7345205032
7345272150
7345297768
7345362885
7345435920
7345473695
7345529608
7345541690
7345582725
7345627851
7345646566
7345650356
7345676192
7345761687
7345809893
7345849865
7345926356
7345975863
7346040506
7346053743
7346054682
7346134887
7346213621
7346232104
7346320732
7346342970
7346394116
7346404105
7346462503
7346532365
7346534149
7346600544
7346670878
7346763730
7346853121
7346913391
7346993934
7347076679
7347154399
7347200753
7347245152
7347337323
7347399843
7347492361
7347495437
7347573448
7347639915
7347645737
7347663059
7347739820
7347767486
7347807508
7347892932
7347946679
7348038515
7348057267
7348093692
7348110632
7348200578
7348230326
7348284042
7348285596
7348331356
7348362951
7348363147
7348432845
7348436224
7348528656
7348587183
7348671826
7348698110
7348758840
7348847283
7348932986
7348988342
7349078751
7349162445
7349178223
7349255446
7349291758
7349303261
7349359794
7349420962
7349462768
7349488497
7349532677
7349567358
7349595356
7349659124
7349659329
7349737876
7349818267
7349846227
7349856823
7349904001
7349934047
7350018341
7350063481
7350085094
7350098364
7350129134
7350189082
7350230278
7350297444
7350353375
7350437054
7350465446
7350495570
7350566413
7350638196
7350718906
7350783719
7350845279
7350871281
7350923578
7351009085
7351092153
7351149442
7351239362
7351278883
7351359322
7351428423
7351437125
7351446852
7351536368
7351578457
7351653417
7351666143
7351691498
7351783183
7351788851
7351846891
7351905359
7351927747
7351982453
7352005788
7352010038
7352024689
7352041563
7352053636
7352086091
7352108768
7352133628
7352183429
7352193187
7352200375
7352208150
7352284582
7352311158
7352311856
7352387843
7352455619
7352472146
7352523342
7352533595
7352561590
7352615425
7352675189
7352725790
7352810645
7352898389
7352987031
7353071856
7353100244
7353111236
7353114192
7353183642
7353195366
7353278701
7353309139
7353349943
7353402618
7353438264
7353516094
7353570516
7353578281
7353579519
7353647285
7353655000
7353728799
7353760781
7353814291
7353878524
7353913477
7353958661
7353965963
7354044094
7354071361
7354105705
7354110044
7354117538
7354197704
7354272725
7354326242
7354353328
7354399580
7354451597
7354511552
7354537877
7354630083
7354636185
7354715975
7354723293
7354730619
7354777267
7354827862
7354843583
7354864195
7354941148
7354966298
7354982061
7355052092
7355104738
7355188158
7355227198
7355258149
7355311872
7355363414
7355449196
7355503194
7355565158
7355596934
7355629571
7355711745
7355718435
7355751028
7355784932
7355835785
7355840872
7355871876
7355934827
7355947724
7355976125
7356005972
7356020202
7356109162
7356114220
7356164839
7356217151
7356305384
7356344669
7356348862
7356361725
7356366078
7356430612
7356452370
7356517233
7356604290
7356624697
7356693200
7356710896
7356772964
7356842665
7356921848
7356947845
7357001640
7357055308
7357079432
7357139980
7357192115
7357261870
7357326395
7357417518
7357422862
7357439769
7357468334
7357503014
7357566550
7357659209
7357709045
7357799275
7357819256
7357865895
7357876446
7357882094
7357906444
7357985574
7358003085
7358010258
7358013278
7358105196
7358197170
7358212771
7358284820
7358326675
7358356476
7358385966
7358408825
7358428508
7358432680
7358444603
7358457947
7358503148
7358512083
7358520185
7358523284
7358589022
7358646011
7358653885
7358716804
7358770498
7358842436
7358895802
7358970505
7358986880
7359041966
7359055212
7359084356
7359092874
7359131658
7359215664
7359238909
7359304230
7359382723
7359388396
7359462245
7359518799
7359569517
7359633991
7359667648
7359678388
7359755504
7359839272
7359931069
7359995724
7360032540
7360124396
7360192419
7360214124
7360294811
7360329231
7360357827
7360423782
7360456084
7360492275
7360578371
7360590407
7360660457
7360747382
7360774473
7360809038
7360830582
7360912777
7360980660
7361000395
7361038910
7361078858
7361110765
7361200905
7361266822
7361295432
7361297830
7361378603
7361411766
7361466334
7361466698
7361514097
7361548494
7361586895
7361612976
7361689296
7361742938
7361782057
7361803368
7361888263
7361969262
7361970125
7362008543
7362088145
7362123728
7362150912
7362160687
7362188951
7362246089
7362334439
7362342361
7362380210
7362433425
7362499299
7362578740
7362636627
7362706959
7362744175
7362827904
7362894257
7362961509
7363026932
7363067377
7363094118
7363149925
7363223024
7363296163
7363363194
7363401076
7363469884
7363510071
7363564616
7363624459
7363658513
7363671946
7363721090
7363803805
7363811145
7363847705
7363848265
7363929710
7364021449
7364078041
7364081957
7364127072
7364213185
7364247073
7364324973
7364377270
7364412288
7364431640
7364457019
7364481403
7364511642
7364549709
7364566099
7364644289
7364692071
7364759980
7364761712
7364802147
7364864587
7364940791
7364981951
7364988062
7365036714
7365082753
7365149382
7365193598
7365275843
7365289430
7365380673
7365394356
7365486306
7365491441
7365511904
7365570950
7365633412
7365642349
7365697587
7365718741
7365783462
7365805033
7365821879
7365831511
7365896906
7365976832
7366038674
7366091534
7366129842
7366202567
7366226662
7366307806
7366342918
7366376111
7366395649
7366424515
7366444363
7366455493
7366500562
7366577320
7366624768
7366670858
7366732449
7366746899
7366796144
7366830355
7366875493
7366908411
7366938735
7366985555
7367055294
7367062217
7367073988
7367112470
7367125493
7367182995
7367215809
7367295873
7367348609
7367420434
7367420821
7367478593
7367525272
7367610441
7367702378
7367730065
7367774169
7367798028
7367844911
7367884962
7367960722
7367969500
7368034733
7368115628
7368134196
7368182212
7368202187
7368291967
7368368659
7368437214
7368480699
7368572534
7368654833
7368680256
7368733843
7368774327
7368822375
7368884320
7368951163
7369018476
7369089881
7369128955
7369218824
7369294193
7369383647
7369457618
7369525295
7369565408
7369655598
7369688319
7369727192
7369817868
7369850489
7369908426
7369983994
7370068805
7370106417
7370182100
7370271508
7370294684
7370295020
7370312159
7370392433
7370468702
7370535579
7370591294
7370636748
7370657024
7370732328
7370742307
7370770923
7370839487
7370931102
7370970013
7371024223
7371028466
7371047387
7371111507
7371140894
7371191082
7371215082
7371272411
7371360588
7371420606
7371471230
7371517074
7371585769
7371674946
7371748583
7371819057
7371868669
7371941111
7371983330
7372051108
7372078707
7372080284
7372139066
7372222579
7372281303
7372306507
7372397353
7372470091
7372483068
7372515634
7372563229
7372569541
7372576093
7372647348
7372687343
7372699995
7372703234
7372756239
7372825981
7372889035
7372922402
7372985400
7372997450
7373079077
7373135134
7373135902
7373178273
7373252794
7373285309
7373345172
7373427088
7373455785
7373486648
7373509891
7373591954
7373646362
7373715442
7373767580
7373823068
7373832404
7373912506
7373939445
7373952760
7374001730
7374018602
7374093166
7374175710
7374263003
7374307452
7374346299
7374400962
7374464663
7374513173
7374569413
7374603096
7374660237
7374713016
7374748187
7374821798
7374903433
7374910959
7374915538
7374985167
7375007003
7375083786
7375138467
7375184111
7375212535
7375267235
7375291438
7375333985
7375411026
7375468681
7375506629
7375536226
7375624801
7375713499
7375764262
7375818802
7375837205
7375844299
7375856786
7375898921
7375909149
7375986055
7375997146
7376086053
7376126727
7376170190
7376261288
7376353500
7376378664
7376432139
7376452204
7376461820
7376476850
7376520226
7376553414
7376607064
7376647386
7376701525
7376741287
7376785288
7376812419
7376881520
7376967407
7376994399
7377056268
7377146381
7377184408
7377246796
7377310348
7377354349
7377378432
7377407268
7377455311
7377545957
7377586509
7377607148
7377672483
7377730338
7377805918
7377853245
7377907355
7377944906
7378028768
7378093791
7378093812
7378135975
7378147887
7378164689
7378185537
7378267295
7378294635
7378326513
7378397707
7378439493
7378502261
7378509491
7378597895
7378648675
7378725467
7378753968
7378803962
7378886305
7378960351
7378965512
7379048053
7379082644
7379114966
7379182657
7379269301
7379308833
7379390137
7379440438
7379476165
7379532946
7379607784
7379614763
7379644204
7379692529
7379693497
7379722813
7379723535
7379775634
7379845916
7379864581
7379871754
7379890508
7379947081
7379975481
7380008661
7380039308
7380127370
7380216728
7380294870
7380303219
7380331185
7380403161
7380456496
7380528384
7380548780
7380570477
7380580309
7380659429
7380722147
7380779983
7380819197
7380830359
7380831247
7380880993
7380915838
7380999253
7381003487
7381088476
7381163082
7381196985
7381288850
7381334209
7381415271
7381461315
7381497214
7381552393
7381564039
7381608875
7381652345
7381686492
7381686563
7381692769
7381741855
7381791674
7381804517
7381832225
7381860777
7381938005
7382010048
7382091337
7382149644
7382241369
7382243030
7382261873
7382305753
7382372087
7382383546
7382431882
7382455037
7382482198
7382512355
7382549764
7382597237
7382646996
7382687769
7382756343
7382839710
7382906450
7382974936
7383020755
7383074875
7383137101
7383156384
7383227109
7383228438
7383272547
7383355066
7383377910
7383439365
7383482782
7383532409
7383581202
7383648647
7383660639
7383730152
7383774058
7383797487
7383806160
7383836525
7383889762
7383979732
7383982933
7383993091
7384063470
7384126436
7384209686
7384278073
7384335274
7384361538
7384404589
7384437223
7384460014
7384464707
7384476588
7384492359
7384525946
7384597305
7384647363
7384683533
7384703665
7384710173
7384744005
7384826877
7384853728
7384922128
7384996669
7385001058
7385034844
7385113426
7385139868
7385153898
7385181737
7385231884
7385278010
7385334876
7385361171
7385383764
7385435710
7385461357
7385505853
7385546764
7385564937
7385614307
7385690372
7385696552
7385712650
7385756042
7385770193
7385840045
7385905672
7385922701
7385971995
7386046890
7386073813
7386144310
7386146766
7386223033
7386240627
7386244882
7386252662
7386345408
7386347913
7386418398
7386457379
7386541833
7386584153
7386623064
7386687491
7386712568
7386749241
7386776373
7386840183
7386866623
7386891753
7386893631
7386926040
7387008780
7387009823
7387048170
7387076464
7387146137
7387220450
7387231751
7387320152
7387356404
7387389284
7387428599
7387459129
7387460108
7387529156
7387603751
7387626860
7387673328
7387676270
7387751773
7387754839
7387827752
7387873071
7387885770
7387907243
7387914828
7387959352
7387971695
7388020200
7388072005
7388082731
7388165000
7388251846
7388286377
7388319139
7388393721
7388445909
7388462434
7388531000
7388545675
7388637487
7388675547
7388702954
7388762505
7388822019
7388848912
7388898054
7388970156
7388988917
7388999842
7389090690
7389137398
7389162226
7389252152
7389315715
7389407630
7389450202
7389471699
7389537904
7389608910
7389680931
7389752678
7389789243
7389833076
7389885832
7389903238
7389926836
7389943571
7389949528
7390034956
7390081849
7390163904
7390201519
7390268199
7390294105
7390365418
7390444016
7390536175
7390604529
7390659829
7390710916
7390737927
7390779461
7390857280
7390874823
7390943955
7390980573
7391018526
7391087831
7391169499
7391235090
7391236593
7391287057
7391332608
7391343158
7391386901
7391466669
7391470845
7391501421
7391563470
7391614896
7391626448
7391656824
7391696030
7391724680
7391771696
7391801902
7391843434
7391896079
7391959130
7392030482
7392069439
7392112436
7392178545
7392241232
7392271903
7392275447
7392292073
7392374943
7392452385
7392536342
7392594850
7392678439
7392687067
7392776287
7392840713
7392890355
7392902760
7392945297
7392975590
7393062678
7393132731
7393180441
7393241768
7393281705
7393356994
7393383279
7393429561
7393458707
7393512698
7393551953
7393643220
7393673897
7393714117
7393759742
7393774061
7393864824
7393914072
7393916537
7394005022
7394041555
7394068337
7394126296
7394149911
7394240770
7394333660
7394350602
7394396528
7394445363
7394532158
7394614583
7394646386
7394693864
7394760073
7394785135
7394842640
7394886780
7394978905
7395046374
7395095262
7395109436
7395119269
7395177140
7395257769
7395294416
7395309615
7395371138
7395378197
7395417604
7395510302
7395588126
7395656226
7395717137
7395733226
7395814338
7395894048
7395929282
7395981899
7396010751
7396029046
7396121439
7396146836
7396233433
7396256197
7396341274
7396398777
7396416403
7396435311
7396460574
7396551320
7396599606
7396633717
7396638280
7396684859
7396702502
7396721638
7396751117
7396809032
7396872314
7396962622
7397009572
7397013849
7397078104
7397167316
7397225864
7397238656
7397245559
7397290831
7397364194
7397399489
7397425522
7397506447
7397578254
7397659089
7397715489
7397792226
7397800323
7397801316
7397819829
7397839497
7397873169
7397913599
7398003280
7398095017
7398166028
7398211931
7398249377
7398326852
7398407936
7398496198
7398512473
7398569892
7398595732
7398650387
7398725655
7398778080
7398801056
7398848739
7398856087
7398915961
7398973120
7399026304
7399086578
7399135616
7399207445
7399243457
7399303194
7399323414
7399389173
7399456036
7399501134
7399520357
7399542109
7399552616
7399559341
7399651731
7399710282
7399740119
7399780770
7399856500
7399861304
7399902104
7399961092
7399972820
7400032156
7400039857
7400052789
7400110871
7400190274
7400218446
7400287471
7400337052
7400371013
7400371804
7400410301
7400485945
7400505457
7400519827
7400573316
7400612954
7400689195
7400694593
7400755607
7400795243
7400801133
7400860922
7400911694
7400992409
7401042562
7401115508
7401185644
7401241007
7401283918
7401372898
7401428268
7401464116
7401496324
7401555823
7401568457
7401607424
7401620616
7401692733
7401736589
7401767216
7401775343
7401791837
7401882483
7401884408
7401900568
7401917327
7401993992
7402023175
7402089230
7402180619
7402183444
7402259803
7402299272
7402385078
7402443300
7402487485
7402570833
7402586103
7402676683
7402686496
7402763674
7402825357
7402916361
7402980211
7403016322
7403048098
7403085683
7403176896
7403258596
7403305294
7403373745
7403446702
7403501492
7403577964
7403596090
7403621205
7403622760
7403650428
7403674204
7403767042
7403811507
7403879501
7403946542
7403971245
7404041308
7404102800
7404168236
7404200645
7404256041
7404257327
7404292538
7404326247
7404336431
7404347129
7404360317
7404410483
7404491600
7404575969
7404601871
7404623062
7404701654
7404764626
7404835833
7404919354
7405011914
7405025702
7405031109
7405031466
7405067414
7405087926
7405169741
7405228532
7405311680
7405393554
7405412660
7405493838
7405526311
7405545485
7405597419
7405685344
7405700186
7405770060
7405845464
7405928803
7405932504
7406025382
7406104877
7406190994
7406232204
7406281987
7406354736
7406408316
7406437603
7406520889
7406612860
7406635071
7406637572
7406727778
7406754520
7406818527
7406874633
7406885167
7406936423
7407010747
7407036956
7407039974
7407045735
7407055333
7407102632
7407152129
7407154754
7407162850
7407177851
7407258672
7407269357
7407346232
7407420432
7407472191
7407556956
7407620562
7407634405
7407688675
7407764508
7407838467
7407907238
7407977468
7408031195
7408110379
7408115635
7408166380
7408208322
7408221530
7408289936
7408382186
7408464699
7408501885
7408510756
7408533706
7408564072
7408629531
7408718360
7408770473
7408773923
7408807547
7408898670
7408985623
7409043541
7409092782
7409174173
7409219030
7409249244
7409284530
7409318946
7409348123
7409428573
7409482999
7409542103
7409606304
7409690399
7409732467
7409772598
7409795467
7409854612
7409881848
7409966278
7410004526
7410055449
7410098091
7410164707
7410200716
7410247864
7410250466
7410272118
7410349362
7410366838
7410422874
7410447213
7410456973
7410539866
7410632632
7410700341
7410739463
7410744524
7410807159
7410899408
7410916835
7410980899
7411058133
7411100114
7411161993
7411183323
7411220288
7411281991
7411363622
7411379338
7411431440
7411514051
7411588286
7411619644
7411708435
7411719513
7411768535
7411828540
7411858522
7411874771
7411885728
7411905096
7411979538
7412014688
7412049535
7412052898
7412103327
7412182465
7412269945
7412313312
7412341697
7412391387
7412423595
7412501102
7412520654
7412597213
7412619304
7412627611
7412712774
7412718692
7412804931
7412842909
7412909850
7412959660
7413020408
7413041716
7413095564
7413111688
7413145970
7413202807
7413271448
7413350989
7413401725
7413452323
7413542171
7413610525
7413613539
7413623513
7413664674
7413702344
7413711694
7413797628
7413801748
7413809853
7413876791
7413943559
7413988217
7414003997
7414061636
7414077554
7414118751
7414157138
7414194828
7414219170
7414307470
7414374439
7414379959
7414452407
7414517676
7414571204
7414632678
7414637054
7414721726
7414734862
7414798945
7414838818
7414840910
7414870860
7414884400
7414949396
7414966490
7414993032
7415034374
7415095054
7415173247
7415217380
7415302972
7415316896
7415380472
7415398369
7415439002
7415496819
7415565637
7415599788
7415609451
7415626109
7415710745
7415762270
7415846499
7415883609
7415951143
7416027566
7416101948
7416164512
7416222036
7416308993
7416337003
7416381809
7416404279
7416484130
7416490008
7416494376
7416578524
7416666374
7416699473
7416716617
7416808844
7416829744
7416921903
7416933606
7416965223
7417027125
7417095342
7417175654
7417251530
7417293710
7417304784
7417366713
7417453025
7417535501
7417565926
7417604686
7417621288
7417664750
7417684801
7417685264
7417691658
7417774524
7417815224
7417837099
7417846759
7417922494
7417947772
7417980093
7418024284
7418025536
7418105572
7418146753
7418217835
7418274880
7418299623
7418315019
7418370300
7418375222
7418449750
7418492912
7418494926
7418503668
7418568895
7418569612
7418642800
7418713251
7418778755
7418824829
7418825151
7418874048
7418963107
7419055116
7419063558
7419085010
7419108014
7419171566
7419200227
7419209332
7419231064
7419267516
7419336866
7419350425
7419395690
7419403009
7419403646
7419432249
7419441791
7419465032
7419476028
7419503535
7419542954
7419609080
7419678340
7419715945
7419716337
7419750735
7419818014
7419847707
7419919976
7419984725
7419999865
7420046530
7420052048
7420091085
7420161282
7420245344
7420306128
7420324030
7420330182
7420389290
7420432777
7420490454
7420577311
7420645659
7420691304
7420710064
7420737956
7420822889
7420829631
7420914424
7421006711
7421070727
7421094805
7421154276
7421225128
7421306343
7421356697
7421413075
7421426082
7421493185
7421518291
7421596322
7421653799
7421672368
7421687762
7421750273
7421779790
7421815615
7421902595
7421993134
7422014674
7422088174
7422090895
7422119766
7422187092
7422247588
7422303051
7422378862
7422455699
7422517101
7422546926
7422595799
7422597667
7422651042
7422655389
7422714825
7422803062
7422820256
7422898962
7422958868
7422983444
7423038748
7423044005
7423123723
7423182979
7423218480
7423228121
7423286609
7423306233
7423322509
7423408369
7423495687
7423559041
7423576279
7423644790
7423669166
7423753474
7423786984
7423793449
7423805925
7423808528
7423833022
7423916276
7424004165
7424059558
7424151973
7424221183
7424263805
7424280085
7424343999
7424432457
7424478526
7424530100
7424594773
7424671180
7424686703
7424776507
7424790535
7424828558
7424916076
7424943278
7425022622
7425091885
7425118831
7425176591
7425250894
7425318146
7425386154
7425404104
7425434950
7425446484
7425496519
7425565519
7425598884
7425615412
7425671334
7425743762
7425743970
7425832334
7425833614
7425863514
7425918353
7425998173
7426050645
7426121135
7426155339
7426226316
7426312338
7426378561
7426410318
7426485827
7426522196
7426597319
7426604410
7426654811
7426675876
7426748872
7426759494
7426772592
7426828115
7426906948
7426918425
7426951138
7426976416
7426985409
7426994027
7427064815
7427125544
7427193420
7427250597
7427288735
7427299487
7427316033
7427375368
7427398853
7427424885
7427507394
7427556311
7427622635
7427714868
7427732033
7427785334
7427839223
7427923896
7427949268
7427958033
7428011559
7428084242
7428164255
7428248204
7428328647
7428343920
7428380644
7428409363
7428463754
7428552697
7428628713
7428653799
7428663698
7428740715
7428748666
7428808860
7428872483
7428911139
7428954083
7428978711
7428980925
7429005106
7429087552
7429132996
7429185813
7429228391
7429254220
7429343137
7429352993
7429405600
7429430488
7429458642
7429547984
7429600797
7429610387
7429623357
7429640760
7429676738
7429684555
7429730862
7429752379
7429796466
7429842844
7429905702
7429990925
7430074887
7430112983
7430122430
7430145319
7430214675
7430298535
7430349942
7430371373
7430429407
7430519258
7430567684
7430634999
7430693322
7430777119
7430819899
7430854374
7430873502
7430922033
7431005774
7431028962
7431038099
7431104797
7431109335
7431123327
7431215018
7431257070
7431327723
7431418830
7431453112
7431511692
7431604780
7431613592
7431664363
7431671020
7431754382
7431816746
7431818706
7431841655
7431876945
7431877198
7431893909
7431970142
7432059613
7432150811
7432195898
7432200271
7432202368
7432291291
7432313487
7432346983
7432431162
7432513325
7432531170
7432577390
7432651277
7432682077
7432773286
7432784993
7432806686
7432899537
7432908291
7432984600
7433011633
7433032771
7433124352
7433168429
7433246263
7433256784
7433316330
7433336447
7433416015
7433441972
7433483887
7433571475
7433656390
7433724480
7433793771
7433828209
7433837503
7433913138
7433938303
7433948486
7433955077
7433992003
7434026820
7434066931
7434096419
7434123029
7434207021
7434269215
7434291209
7434337085
7434366966
7434432582
7434486881
7434535478
7434542199
7434614503
7434660026
7434717142
7434799025
7434843767
7434858176
7434940593
7434943390
7434984578
7435060844
7435065866
7435090249
7435155056
7435235830
7435269841
7435345269
7435400310
7435412212
7435444875
7435501290
7435505735
7435571855
7435630345
7435715878
7435782926
7435835159
7435877618
7435957190
7436010417
7436097398
7436125566
7436161625
7436206472
7436267746
7436304602
7436356717
7436357682
7436384614
7436446348
7436513481
7436583697
7436652694
7436667629
7436753348
7436825687
7436825980
7436904857
7436997746
7437009577
7437053503
7437067009
7437157220
7437237550
7437250831
7437281914
7437342622
7437368912
7437436298
7437505648
7437597787
7437656725
7437720557
7437790376
7437798908
7437832137
7437891978
7437929113
7437965201
7437965673
7437995000
7437995392
7438048025
7438061982
7438151339
7438165002
7438207464
7438275701
7438322983
7438337900
7438375470
7438443775
7438450646
7438542515
7438571524
7438585502
7438628953
7438644644
7438718998
7438726941
7438807098
7438899753
7438990890
7439021290
7439078760
7439165180
7439219768
7439284308
7439302915
7439310803
7439403048
7439434339
7439453376
7439506611
7439583484
7439676071
7439683351
7439698137
7439743111
7439796748
7439847815
7439883857
7439904153
7439930227
7439964902
7440023293
7440074852
7440102870
7440114827
7440188509
7440226886
7440318548
7440370544
7440404715
7440426099
7440474784
7440566799
7440603845
7440609445
7440609629
7440661772
7440739792
7440769159
7440774922
7440792466
7440843322
7440909713
7440932786
7440948106
7441007924
7441097976
7441175756
7441190943
7441216825
7441273501
7441344690
7441386395
7441411494
7441446236
7441508065
7441579865
7441621273
7441693537
7441717301
7441761155
7441814154
7441897465
7441962857
7441964688
7441997149
7442031735
7442089669
7442166502
7442232008
7442245468
7442283252
7442314698
7442340128
7442422063
7442426639
7442484545
7442502094
7442505443
7442563755
7442566359
7442572006
7442614066
7442652974
7442717346
7442797719
7442890177
7442958008
7442959769
7443028213
7443056572
7443129710
7443167072
7443250427
7443308353
7443400214
7443414501
7443436468
7443440977
7443502652
7443577178
7443663602
7443750374
7443798442
7443824850
7443851747
7443870844
7443961465
7443969308
7443979995
7444015314
7444018255
7444105765
7444171417
7444171791
7444174831
7444190887
7444231859
7444289257
7444371572
7444414218
7444422641
7444446905
7444527133
7444563600
7444585400
7444651893
7444713621
7444775363
7444811568
7444893147
7444937301
7445010548
7445074064
7445121851
7445192033
7445264605
7445275545
7445357334
7445367281
7445380955
7445464270
7445517500
7445531480
7445573147
7445636951
7445667234
7445750005
7445805433
7445886769
7445900236
7445911247
7445974483
7446031409
7446099277
7446175822
7446225876
7446303201
7446384248
7446470668
7446533862
7446566267
7446591140
7446636408
7446703239
7446729877
7446816180
7446880053
7446938221
7446990912
7447076683
7447132316
7447196891
7447198288
7447243401
7447293135
7447357385
7447407768
7447424172
7447444683
7447479432
7447564492
7447612701
7447628493
7447662423
7447675544
7447680168
7447694658
7447776775
7447800452
7447840032
7447902803
7447936505
7447959112
7448040423
7448116387
7448177633
7448197279
7448211164
7448257061
7448302177
7448384758
7448426041
7448434517
7448522470
7448578604
7448628211
7448713550
7448806197
7448849906
7448937712
7449010610
7449054406
7449122699
7449132690
7449135774
7449183594
7449230299
7449294162
7449336706
7449378122
7449465844
7449538006
7449554361
7449619965
7449678744
7449713075
7449774325
7449777382
7449837569
7449868656
7449932387
7449970007
7450058590
7450151610
7450181068
7450197275
7450236065
7450291241
7450315417
7450406902
7450489737
7450565783
7450638564
7450722052
7450734981
7450754320
7450828858
7450870812
7450961562
7451019731
7451103657
7451140533
7451230090
7451293276
7451316933
7451372593
7451373401
7451377280
7451450128
7451493660
7451508581
7451532468
7451624076
7451704992
7451795256
7451854495
7451887219
7451946854
7451952899
7452036079
7452081629
7452100658
7452186206
7452254937
7452303309
7452308395
7452357947
7452446796
7452447030
7452497999
7452555989
7452602031
7452641993
7452726196
7452809244
7452851834
7452926414
7453010343
7453051760
7453085439
7453124395
7453135057
7453174463
7453183524
7453187378
7453217299
7453236441
7453278620
7453370754
7453398665
7453464624
7453521017
7453553279
7453607675
7453668125
7453710761
7453721602
7453764243
7453849017
7453891007
7453937681
7453943770
7454023986
7454030831
7454073050
7454113374
7454159162
7454242493
7454273825
7454289084
7454357250
7454446755
7454485474
7454559922
7454642318
7454697261
7454761504
7454765561
7454856773
7454941503
7454990081
7455055423
7455076128
7455107097
7455121699
7455128397
7455197299
7455264788
7455299919
7455385243
7455475038
7455495002
7455519774
7455575117
7455646377
7455735184
7455768568
7455825405
7455891929
7455920233
7455936580
7455939242
7455983753
7456074196
7456130277
7456170636
7456226053
7456294782
7456383703
7456471416
7456486822
7456548285
7456585583
7456672971
7456721926
7456790405
7456867286
7456953537
7456985750
7457015468
7457020322
7457106065
7457135734
7457179244
7457224140
7457308274
7457386993
7457427743
7457488243
7457500401
7457514072
7457577027
7457628148
7457641231
7457651032
7457723135
7457785356
7457832019
7457850926
7457879821
7457888261
7457970135
7458032472
7458052847
7458085705
7458136152
7458155516
7458177398
7458183233
7458208749
7458292541
7458322875
7458368344
7458452542
7458522774
7458537232
7458580041
7458619363
7458687549
7458744665
7458830344
7458862911
7458941322
7459034119
7459093609
7459147873
7459193850
7459256394
7459312067
7459385184
7459470569
7459558978
7459574800
7459663479
7459715764
7459765279
7459803622
7459887332
7459948223
7460020267
7460031456
7460046511
7460047318
7460052722
7460140889
7460167647
7460191543
7460283414
7460306764
7460376030
7460390956
7460478742
7460493398
7460545877
7460563018
7460606730
7460640806
7460653105
7460725659
7460763503
7460798955
7460824750
7460836790
7460878482
7460932802
7460994988
7461017838
7461058063
7461101703
7461167519
7461249639
7461330420
7461359837
7461422097
7461502962
7461555261
7461607698
7461632695
7461692710
7461743071
7461814655
7461884049
7461933963
7462006998
7462043647
7462090320
7462102265
7462165382
7462187436
7462249674
7462328487
7462359460
7462412340
7462484668
7462575640
7462624821
7462633218
7462712174
7462804452
7462824411
7462853843
7462899291
7462922516
7462975782
7463024397
7463099031
7463132364
7463143862
7463163707
7463241259
7463323834
7463345410
7463396992
7463466760
7463536491
7463593221
7463615356
7463663753
7463732160
7463809226
7463849602
7463902974
7463985209
7464062631
7464064513
7464075164
7464159851
7464250796
7464317548
7464321616
7464324370
7464333321
7464424597
7464474881
7464517997
7464603087
7464696130
7464709697
7464776182
7464810814
7464870751
7464963154
7465056097
7465115320
7465207833
7465229690
7465293539
7465377872
7465408543
7465490691
7465557882
7465570620
7465658954
7465666232
7465712697
7465800145
7465816721
7465838968
7465895534
7465902116
7465966770
7466028002
7466088267
7466120965
7466199447
7466219904
7466310333
7466340818
7466379777
7466389101
7466423273
7466471383
7466510359
7466559511
7466627079
7466642069
7466725215
7466737814
7466789397
7466872872
7466916857
7466995505
7467057367
7467078796
7467147636
7467167698
7467236800
7467275140
7467288619
7467331321
7467409608
7467421193
7467422936
7467471191
7467499006
7467525016
7467539174
7467616878
7467663419
7467731195
7467751685
7467771232
7467833058
7467833435
7467912328
7467976428
7468035815
7468082036
7468133371
7468211566
7468257041
7468278767
7468310459
7468347833
7468384687
7468468393
7468543424
7468598121
7468690453
7468729228
7468791477
7468858382
7468867420
7468921363
7468950997
7468952039
7469038038
7469068230
7469119776
7469137843
7469215337
7469247751
7469333814
7469363229
7469432770
7469519629
7469600990
7469631118
7469642553
7469650473
7469675751
7469740192
7469771512
7469791274
7469791646
7469834409
7469878921
7469924743
7470005715
7470019894
7470064276
7470111678
7470140731
7470233649
7470316859
7470399910
7470416091
7470455660
7470458801
7470500048
7470500444
7470554686
7470603965
7470663291
7470718231
7470779243
7470796136
7470811155
7470896828
7470932488
7470961446
7470971053
7471016689
7471101204
7471117094
7471191234
7471208436
7471256627
7471282465
7471287366
7471319520
7471397408
7471454950
7471462462
7471488895
7471495838
7471497184
7471513004
7471590381
7471633171
7471725296
7471815098
7471869892
7471947051
7472028034
7472116872
